camera_matrix:
- [1305.849789717279, 0.0, 514.873561240746]
- [0.0, 1305.9477377095138, 393.5340078307201]
- [0.0, 0.0, 1.0]
dist_coeffs: [-0.2457259440048739, 0.3745134047332672, -0.0007559941582939105, 0.000648990666515106,
  -0.23720204287578]
rotation:
- [-0.6578544358991213, -0.7371363721216434, -0.15445876492834923]
- [0.7210066135300944, -0.6756662436646833, 0.15370292911301878]
- [-0.21766259305106492, -0.010251637303342796, 0.9759702349553941]
translation: [0.16475694554085285, -0.058850500127785574, 0.11946603927944877]
